3 0.26484375 0.590625 0.16171875 0.27109375
3 0.77578125 0.43125 0.1375 0.25625
0 0.67578125 0.40546875 0.03515625 0.109375
0 0.54609375 0.47421875 0.04296875 0.11640625
2 0.6875 0.64765625 0.16171875 0.28125
2 0.46328125 0.5890625 0.125 0.22734375
2 0.4453125 0.86640625 0.2 0.2671875
2 0.3609375 0.36015625 0.08515625 0.11328125
2 0.60234375 0.37578125 0.08359375 0.12578125
2 0.671875 0.290625 0.0828125 0.1125
2 0.55234375 0.23046875 0.0578125 0.07421875
2 0.46796875 0.28984375 0.07109375 0.1171875
2 0.378125 0.26953125 0.06875 0.08828125
2 0.6203125 0.18828125 0.0546875 0.065625
3 0.47421875 0.19765625 0.05546875 0.071875