2 0.1890625 0.79765625 0.1734375 0.2453125
2 0.29609375 0.57109375 0.09921875 0.1359375
2 0.43046875 0.6140625 0.09375 0.15859375
2 0.34765625 0.91328125 0.17265625 0.17265625
2 0.79453125 0.87578125 0.1953125 0.2484375
2 0.715625 0.6265625 0.10625 0.15703125
2 0.52890625 0.509375 0.078125 0.1140625
2 0.6515625 0.48828125 0.0734375 0.09375
2 0.365625 0.41484375 0.06171875 0.07421875
2 0.44140625 0.39765625 0.05234375 0.075
3 0.38671875 0.34921875 0.0484375 0.06796875
2 0.50078125 0.34453125 0.04140625 0.0515625
2 0.58671875 0.38359375 0.04921875 0.05859375
2 0.57578125 0.3390625 0.03984375 0.0515625
3 0.39921875 0.31171875 0.0390625 0.05625
2 0.45625 0.3046875 0.03125 0.0421875
0 0.50078125 0.29140625 0.01171875 0.0375
2 0.5578125 0.2953125 0.03125 0.03828125