2 0.340625 0.63359375 0.11484375 0.17734375
2 0.48828125 0.640625 0.0953125 0.153125
2 0.765625 0.6640625 0.1265625 0.16328125
2 0.715625 0.52265625 0.08359375 0.103125
2 0.91015625 0.89296875 0.1796875 0.2140625
2 0.409375 0.37109375 0.04921875 0.06328125
2 0.475 0.4203125 0.059375 0.09375
2 0.39140625 0.43125 0.06171875 0.08828125
2 0.646875 0.4015625 0.05390625 0.06640625
3 0.56640625 0.39375 0.09140625 0.17734375
0 0.4546875 0.3359375 0.01640625 0.04921875
2 0.42734375 0.3125 0.03984375 0.046875
2 0.4796875 0.2953125 0.0328125 0.040625
2 0.52109375 0.33828125 0.0359375 0.046875
2 0.59140625 0.31953125 0.0359375 0.040625
2 0.52734375 0.29140625 0.0328125 0.040625