2 0.34453125 0.7484375 0.1 0.16015625
2 0.44296875 0.815625 0.08828125 0.175
2 0.3765625 0.6265625 0.059375 0.07578125
3 0.45703125 0.62421875 0.06328125 0.15078125
3 0.54375 0.64609375 0.071875 0.1421875
1 0.659375 0.65625 0.1640625 0.259375
0 0.5640625 0.565625 0.01875 0.05546875
2 0.41171875 0.5359375 0.0359375 0.05
2 0.465625 0.5359375 0.0359375 0.03984375
2 0.521875 0.56171875 0.04375 0.05546875
2 0.57578125 0.5265625 0.03828125 0.04453125
2 0.4234375 0.5046875 0.03125 0.03984375
2 0.47109375 0.45703125 0.0203125 0.021875
2 0.5359375 0.4640625 0.0234375 0.02421875
0 0.5625 0.4625 0.00859375 0.0234375
0 0.5 0.45625 0.0078125 0.021875
0 0.4890625 0.475 0.00859375 0.02890625
3 0.475 0.43203125 0.02421875 0.05390625