0 0.57265625 0.50078125 0.02890625 0.08125
0 0.54453125 0.63671875 0.0359375 0.11171875
0 0.559375 0.71328125 0.03984375 0.13046875
0 0.74296875 0.6734375 0.0390625 0.125
2 0.67421875 0.83671875 0.1453125 0.2125
2 0.65859375 0.94921875 0.1734375 0.1015625
2 0.925 0.78046875 0.15 0.15546875
3 0.203125 0.8546875 0.16953125 0.290625
3 0.44296875 0.56015625 0.09375 0.08203125
3 0.43828125 0.734375 0.13984375 0.26953125
2 0.41484375 0.9109375 0.178125 0.178125
2 0.3671875 0.446875 0.06796875 0.0765625
2 0.459375 0.4671875 0.06328125 0.08046875
2 0.4515625 0.50078125 0.075 0.0453125
2 0.39140625 0.3984375 0.05234375 0.05546875
3 0.46171875 0.4015625 0.05703125 0.0734375