2 0.31640625 0.865625 0.11875 0.2046875
3 0.5640625 0.76328125 0.10078125 0.2046875
3 0.45078125 0.715625 0.078125 0.2015625
3 0.45625 0.4609375 0.0265625 0.05625
1 0.6921875 0.73828125 0.21796875 0.32890625
2 0.35546875 0.69609375 0.065625 0.1
2 0.3921875 0.5796875 0.0421875 0.05546875
2 0.51953125 0.61953125 0.05 0.06484375
2 0.57578125 0.575 0.040625 0.05
2 0.453125 0.59140625 0.04140625 0.0484375
2 0.40625 0.53984375 0.0328125 0.0421875
2 0.54140625 0.5234375 0.028125 0.0328125
2 0.4953125 0.521875 0.0265625 0.03515625
2 0.45234375 0.50625 0.02421875 0.028125
2 0.41640625 0.5 0.0234375 0.02734375
2 0.4453125 0.93984375 0.10234375 0.1203125
0 0.5625 0.6421875 0.021875 0.06796875
0 0.47109375 0.5203125 0.01171875 0.03359375
0 0.48125 0.49453125 0.009375 0.0265625
0 0.5625 0.5109375 0.0109375 0.03125
2 0.5234375 0.4984375 0.02421875 0.0265625
2 0.453125 0.48671875 0.02109375 0.0203125