0 0.8953125 0.8 0.07109375 0.18125
0 0.7578125 0.58046875 0.0453125 0.11875
0 0.67421875 0.42109375 0.03359375 0.08359375
0 0.62890625 0.3359375 0.01875 0.05625
0 0.5921875 0.284375 0.015625 0.04765625
3 0.6796875 0.65078125 0.13359375 0.246875
3 0.49609375 0.4234375 0.0671875 0.1046875
3 0.2234375 0.596875 0.13828125 0.2140625
3 0.53203125 0.22109375 0.0296875 0.05546875
2 0.340625 0.7578125 0.1453125 0.2625
2 0.6 0.45625 0.07578125 0.115625
2 0.509375 0.590625 0.09765625 0.1703125
2 0.39375 0.51953125 0.08515625 0.128125
2 0.3 0.47265625 0.08125 0.10390625
2 0.33828125 0.36953125 0.06015625 0.0890625
2 0.42109375 0.40390625 0.0578125 0.08203125
2 0.57578125 0.334375 0.04765625 0.0609375
2 0.50390625 0.33046875 0.05078125 0.07578125
2 0.4203125 0.35 0.04921875 0.06171875
2 0.43828125 0.315625 0.04765625 0.05546875
2 0.36015625 0.31640625 0.0515625 0.06953125