1 0.7625 0.65390625 0.25 0.4109375
1 0.53359375 0.29765625 0.0328125 0.059375
0 0.9234375 0.75859375 0.05 0.1453125
2 0.228125 0.909375 0.184375 0.18046875
2 0.45703125 0.93828125 0.13671875 0.12265625
2 0.6734375 0.91484375 0.16796875 0.1703125
2 0.884375 0.93828125 0.175 0.12265625
2 0.3328125 0.665625 0.11171875 0.1640625
2 0.4859375 0.73125 0.1015625 0.178125
2 0.603125 0.67734375 0.09296875 0.15859375
2 0.38046875 0.56015625 0.0796875 0.1140625
2 0.48515625 0.60625 0.07734375 0.1171875
2 0.58515625 0.4984375 0.06171875 0.0859375
2 0.48203125 0.5171875 0.06328125 0.078125
2 0.41171875 0.490625 0.06484375 0.07421875
2 0.4875 0.45 0.04921875 0.065625
2 0.5421875 0.4296875 0.05546875 0.06640625
2 0.64140625 0.47265625 0.0453125 0.08359375
3 0.4921875 0.346875 0.034375 0.07578125
2 0.42109375 0.4421875 0.0546875 0.0515625
2 0.42578125 0.41015625 0.04375 0.04375
2 0.6015625 0.39375 0.040625 0.04140625
2 0.55078125 0.396875 0.03828125 0.046875
2 0.54375 0.36875 0.0359375 0.0421875
2 0.4328125 0.3859375 0.0390625 0.0375
0 0.70546875 0.43671875 0.02265625 0.0453125
0 0.6625 0.41484375 0.015625 0.0484375
0 0.65859375 0.3921875 0.01484375 0.03671875
0 0.6234375 0.3453125 0.0109375 0.0328125