0 0.61015625 0.69765625 0.03046875 0.0828125
0 0.53984375 0.56484375 0.01171875 0.03359375
0 0.58515625 0.54765625 0.01015625 0.03125
0 0.596875 0.53828125 0.0109375 0.034375
0 0.57109375 0.51171875 0.0078125 0.02421875
2 0.60625 0.58359375 0.0328125 0.0421875
3 0.59921875 0.61484375 0.04609375 0.06953125
3 0.559375 0.68046875 0.0609375 0.1140625
2 0.4765625 0.73671875 0.065625 0.11171875
1 0.70078125 0.68828125 0.16796875 0.23125
2 0.36640625 0.7921875 0.09140625 0.13125
2 0.4171875 0.64453125 0.05 0.0640625
2 0.48203125 0.63046875 0.0421875 0.0609375
2 0.43125 0.58203125 0.03671875 0.05
2 0.48515625 0.559375 0.02734375 0.04296875
2 0.4421875 0.5515625 0.028125 0.03203125
2 0.5296875 0.58671875 0.03359375 0.0421875
2 0.5671875 0.559375 0.03359375 0.0421875