3 0.2328125 0.8671875 0.16796875 0.265625
3 0.3546875 0.88828125 0.13984375 0.2234375
3 0.51953125 0.66875 0.05234375 0.11796875
3 0.4640625 0.56796875 0.03359375 0.05546875
3 0.48046875 0.621875 0.04375 0.065625
3 0.5296875 0.51171875 0.01875 0.03515625
1 0.578125 0.50546875 0.021875 0.0375
2 0.49609375 0.53125 0.0203125 0.025
2 0.51015625 0.56171875 0.02734375 0.0375
2 0.55078125 0.53671875 0.01953125 0.0234375
2 0.58125 0.55625 0.02578125 0.03125
2 0.553125 0.51640625 0.0171875 0.01875
2 0.58046875 0.53515625 0.021875 0.021875
2 0.52109375 0.5421875 0.02109375 0.02421875
2 0.59453125 0.6 0.03359375 0.0421875
2 0.4546875 0.67421875 0.04921875 0.06640625
2 0.434375 0.6125 0.04453125 0.0546875
0 0.65859375 0.70859375 0.02734375 0.075
2 0.5953125 0.6734375 0.05 0.0828125
2 0.5390625 0.61953125 0.03515625 0.04765625
2 0.496875 0.5921875 0.0328125 0.03671875
2 0.34609375 0.73203125 0.08359375 0.1
2 0.4953125 0.82734375 0.08203125 0.16015625
2 0.65078125 0.9265625 0.10546875 0.14609375