0 0.5234375 0.725 0.02734375 0.08515625
0 0.66875 0.646875 0.02265625 0.0625
0 0.56953125 0.78515625 0.0328125 0.09140625
3 0.33671875 0.70625 0.0953125 0.1609375
3 0.44296875 0.67421875 0.06640625 0.11640625
3 0.53671875 0.54296875 0.0296875 0.06953125
3 0.48515625 0.49921875 0.02421875 0.0375
2 0.38046875 0.8265625 0.109375 0.1734375
2 0.19609375 0.90390625 0.17421875 0.1921875
2 0.4953125 0.825 0.0796875 0.14140625
2 0.61484375 0.68828125 0.0609375 0.09140625
2 0.5171875 0.66015625 0.0515625 0.08359375
2 0.59921875 0.603125 0.040625 0.05546875
2 0.403125 0.62265625 0.05546875 0.0640625
2 0.4734375 0.5984375 0.0390625 0.04921875
2 0.5234375 0.60078125 0.04140625 0.053125
3 0.49375 0.55234375 0.034375 0.04921875
2 0.46484375 0.53203125 0.02890625 0.0359375
2 0.58359375 0.56171875 0.034375 0.0484375
2 0.584375 0.52578125 0.02578125 0.028125
0 0.60234375 0.50390625 0.01015625 0.02578125