3 0.453125 0.87578125 0.11875 0.24765625
3 0.36171875 0.71875 0.08203125 0.16328125
3 0.403125 0.590625 0.04296875 0.078125
3 0.57734375 0.609375 0.053125 0.096875
1 0.5515625 0.534375 0.05625 0.07734375
2 0.49453125 0.54921875 0.028125 0.034375
2 0.4578125 0.528125 0.0234375 0.028125
2 0.4890625 0.5171875 0.02109375 0.02265625
3 0.51796875 0.521875 0.01875 0.0296875
2 0.42734375 0.5359375 0.02578125 0.02890625
2 0.43203125 0.50859375 0.0203125 0.025
2 0.45703125 0.50859375 0.01875 0.021875
2 0.41640625 0.5625 0.02890625 0.034375
2 0.45625 0.578125 0.03203125 0.04375
2 0.515625 0.60859375 0.0421875 0.0640625
2 0.78359375 0.93203125 0.1609375 0.1359375
2 0.290625 0.9140625 0.15625 0.171875
2 0.45078125 0.72734375 0.065625 0.06171875