2 0.17890625 0.83203125 0.22109375 0.22578125
3 0.33515625 0.82578125 0.18515625 0.25546875
3 0.4015625 0.58125 0.08828125 0.125
2 0.48671875 0.59296875 0.0703125 0.0796875
2 0.5515625 0.64375 0.06875 0.0984375
2 0.64296875 0.59921875 0.05859375 0.09375
2 0.47265625 0.52265625 0.05 0.05390625
2 0.54453125 0.49296875 0.04296875 0.053125
2 0.590625 0.51015625 0.04296875 0.06640625
2 0.6578125 0.49765625 0.03671875 0.053125
2 0.51875 0.46640625 0.03515625 0.04375
2 0.57109375 0.45703125 0.028125 0.03125
2 0.53828125 0.43984375 0.03203125 0.040625
1 0.64921875 0.43203125 0.0375 0.07109375
1 0.65859375 0.39453125 0.025 0.04765625
2 0.6171875 0.428125 0.0234375 0.0328125
2 0.57890625 0.4375 0.025 0.0265625
3 0.58828125 0.4140625 0.02578125 0.046875
3 0.61484375 0.371875 0.02265625 0.03984375
3 0.6359375 0.38203125 0.01484375 0.025
0 0.68984375 0.46484375 0.01484375 0.04140625
0 0.58984375 0.46953125 0.01171875 0.025
2 0.62578125 0.40390625 0.0171875 0.01953125
2 0.55703125 0.41875 0.0234375 0.028125