2 0.86171875 0.90078125 0.1875 0.19765625
2 0.71875 0.61953125 0.1359375 0.22421875
2 0.175 0.8171875 0.165625 0.20234375
2 0.365625 0.86875 0.15625 0.2609375
2 0.296875 0.5 0.08203125 0.09921875
2 0.4234375 0.4359375 0.06875 0.07265625
2 0.5234375 0.3984375 0.065625 0.08203125
2 0.57734375 0.3234375 0.04453125 0.05078125
2 0.346875 0.37578125 0.06171875 0.08125
2 0.3703125 0.32109375 0.04140625 0.0484375
2 0.43203125 0.31484375 0.04453125 0.05078125
2 0.425 0.37890625 0.06171875 0.05625
3 0.54375 0.5609375 0.09921875 0.16171875
3 0.390625 0.66484375 0.13984375 0.2703125
3 0.38515625 0.26796875 0.0375 0.06875
0 0.40234375 0.30625 0.01875 0.0515625
0 0.52421875 0.33125 0.01953125 0.05390625
0 0.546875 0.465625 0.02734375 0.0796875
3 0.40546875 0.4953125 0.0984375 0.08359375