0 0.20625 0.58359375 0.07265625 0.14453125
0 0.66953125 0.56953125 0.0546875 0.1390625
0 0.4390625 0.28984375 0.02421875 0.0703125
0 0.603125 0.26484375 0.0296875 0.07578125
0 0.53671875 0.15078125 0.0140625 0.0421875
3 0.46796875 0.11015625 0.0296875 0.0484375
2 0.4625 0.14609375 0.0375 0.046875
2 0.42890625 0.225 0.0484375 0.06015625
2 0.49453125 0.21796875 0.0421875 0.059375
2 0.56328125 0.19375 0.04140625 0.0515625
2 0.5609375 0.275 0.05546875 0.08515625
2 0.64296875 0.26640625 0.059375 0.07265625
2 0.5703125 0.38984375 0.0765625 0.109375
2 0.4578125 0.39140625 0.07890625 0.10703125
2 0.590625 0.671875 0.1359375 0.278125
2 0.73046875 0.49375 0.13515625 0.1765625
2 0.51171875 0.146875 0.0328125 0.03984375
2 0.57890625 0.1453125 0.0484375 0.046875
2 0.5984375 0.1140625 0.028125 0.034375
2 0.553125 0.12890625 0.03046875 0.03359375