1 0.5859375 0.6421875 0.1296875 0.21953125
3 0.484375 0.64296875 0.06015625 0.1
3 0.40625 0.61953125 0.0515625 0.134375
2 0.46953125 0.56875 0.03984375 0.04765625
2 0.51953125 0.5359375 0.03359375 0.03984375
2 0.41640625 0.54921875 0.03515625 0.04140625
2 0.36328125 0.54921875 0.0359375 0.046875
2 0.37578125 0.51796875 0.03046875 0.0359375
2 0.3296875 0.63203125 0.05625 0.071875
2 0.296875 0.7421875 0.090625 0.1390625
2 0.38828125 0.77890625 0.078125 0.14140625
3 0.42578125 0.4515625 0.02578125 0.05078125
2 0.54375 0.940625 0.11875 0.11875
2 0.18203125 0.94609375 0.15234375 0.1078125
0 0.50546875 0.5625 0.01484375 0.04921875
0 0.4421875 0.48671875 0.0078125 0.02890625
0 0.453125 0.46953125 0.00859375 0.02421875
0 0.50546875 0.4734375 0.0078125 0.02265625