2 0.1671875 0.8046875 0.19921875 0.28671875
2 0.3703125 0.80234375 0.165625 0.3046875
0 0.64609375 0.91640625 0.0765625 0.1671875
0 0.6421875 0.73046875 0.05625 0.16328125
0 0.4125 0.41953125 0.01953125 0.07109375
0 0.42578125 0.37890625 0.021875 0.05859375
0 0.67109375 0.3453125 0.0203125 0.06015625
2 0.3515625 0.47109375 0.0875 0.109375
2 0.45 0.459375 0.065625 0.09140625
2 0.5421875 0.5484375 0.09296875 0.15625
2 0.47421875 0.35625 0.0515625 0.07578125
2 0.4078125 0.34453125 0.0484375 0.0578125
2 0.5484375 0.3796875 0.05078125 0.06640625
2 0.6140625 0.33046875 0.046875 0.06875
3 0.59453125 0.28046875 0.03515625 0.0578125
3 0.56796875 0.25 0.0296875 0.04296875
3 0.4578125 0.24140625 0.034375 0.065625
2 0.4890625 0.2859375 0.03671875 0.04921875
2 0.53515625 0.31015625 0.04140625 0.05