3 0.50625 0.46796875 0.0796875 0.16484375
2 0.625 0.4859375 0.084375 0.13515625
3 0.721875 0.7203125 0.16796875 0.29921875
2 0.53515625 0.79296875 0.1453125 0.2984375
2 0.3140625 0.878125 0.18671875 0.24375
2 0.2078125 0.6328125 0.1609375 0.2375
2 0.396875 0.53515625 0.0875 0.14140625
2 0.2984375 0.4859375 0.0859375 0.109375
0 0.77265625 0.56796875 0.05 0.128125
0 0.68046875 0.3984375 0.02734375 0.0765625
0 0.63125 0.315625 0.01953125 0.05859375
0 0.609375 0.28515625 0.0171875 0.04921875
0 0.64609375 0.271875 0.02265625 0.04453125
0 0.58203125 0.24921875 0.01484375 0.04375
0 0.5953125 0.26484375 0.0125 0.046875
3 0.54375 0.21328125 0.03125 0.06015625
2 0.58984375 0.35625 0.05625 0.07109375
2 0.50859375 0.3453125 0.05703125 0.0859375
2 0.4265625 0.40234375 0.06328125 0.0890625
2 0.33984375 0.36875 0.065625 0.09375
2 0.365625 0.30703125 0.05234375 0.0734375
2 0.4265625 0.34609375 0.053125 0.06484375
2 0.44375 0.309375 0.046875 0.0609375
2 0.496875 0.2796875 0.04375 0.0546875
2 0.3828125 0.27890625 0.0390625 0.0484375
2 0.44453125 0.25703125 0.03671875 0.04921875