2 0.39765625 0.67890625 0.159375 0.2890625
2 0.59375 0.51640625 0.1234375 0.21484375
2 0.73671875 0.45625 0.146875 0.1703125
2 0.6703125 0.30390625 0.09765625 0.10546875
2 0.37890625 0.31484375 0.0953125 0.1171875
3 0.48046875 0.25859375 0.08125 0.11953125
3 0.56484375 0.26796875 0.0765625 0.12265625
0 0.22265625 0.41953125 0.07734375 0.11640625
0 0.3984375 0.14140625 0.02421875 0.05625
0 0.4296875 0.09609375 0.02109375 0.0453125
0 0.36328125 0.178125 0.02890625 0.06171875
0 0.34765625 0.23125 0.02890625 0.0671875
0 0.609375 0.21640625 0.02109375 0.06796875
0 0.6 0.15390625 0.021875 0.05390625
0 0.59375 0.1140625 0.01875 0.05078125
2 0.43125 0.1625 0.046875 0.06171875
2 0.4671875 0.10625 0.0390625 0.05
2 0.5078125 0.10859375 0.0453125 0.06953125
2 0.5625 0.18359375 0.05 0.053125
2 0.5625 0.1390625 0.04765625 0.0515625
2 0.628125 0.13046875 0.04375 0.0578125
2 0.61015625 0.084375 0.0421875 0.03984375
2 0.559375 0.0984375 0.040625 0.0390625
2 0.83046875 0.08203125 0.05234375 0.0546875