0 0.0421875 0.73828125 0.084375 0.16171875
0 0.1546875 0.5328125 0.053125 0.125
0 0.2125 0.409375 0.05625 0.1109375
2 0.35234375 0.3375 0.08359375 0.1046875
2 0.628125 0.7296875 0.175 0.38125
1 0.4359375 0.509375 0.09609375 0.16640625
1 0.4359375 0.06328125 0.05234375 0.08359375
0 0.36015625 0.15546875 0.01484375 0.053125
2 0.559375 0.3859375 0.0796875 0.11328125
2 0.4609375 0.29375 0.06640625 0.090625
2 0.63828125 0.29296875 0.08046875 0.0953125
2 0.70859375 0.44296875 0.11328125 0.13828125
2 0.54375 0.26328125 0.06015625 0.0859375
2 0.60625 0.175 0.053125 0.0734375
2 0.38828125 0.209375 0.0578125 0.06640625
2 0.4171875 0.1375 0.04296875 0.05390625
2 0.48125 0.153125 0.04140625 0.0578125
3 0.5359375 0.10078125 0.03515625 0.08125
2 0.309375 0.1171875 0.09140625 0.0453125
2 0.5421875 0.165625 0.04609375 0.05546875
2 0.39609375 0.84609375 0.1796875 0.3046875
2 0.878125 0.86328125 0.24375 0.2734375