2 0.14765625 0.884375 0.20625 0.23046875
2 0.81875 0.7953125 0.17421875 0.24765625
2 0.35625 0.95 0.1515625 0.0984375
2 0.43125 0.5625 0.08671875 0.15234375
2 0.69296875 0.534375 0.0984375 0.12578125
2 0.34140625 0.503125 0.0890625 0.1125
2 0.503125 0.434375 0.0625 0.08046875
2 0.6171875 0.39921875 0.053125 0.0703125
2 0.37734375 0.38515625 0.059375 0.09453125
2 0.4625 0.3546875 0.04453125 0.0671875
0 0.52265625 0.33515625 0.02109375 0.0625
0 0.66953125 0.315625 0.02421875 0.04140625
3 0.39609375 0.33046875 0.0453125 0.071875
2 0.41640625 0.28515625 0.0390625 0.0640625
2 0.471875 0.28671875 0.03515625 0.0453125
2 0.603125 0.34609375 0.04296875 0.05546875
2 0.58984375 0.30078125 0.03359375 0.0421875
2 0.571875 0.27578125 0.03046875 0.040625
2 0.521875 0.29453125 0.04296875 0.0453125