2 0.378125 0.78359375 0.15859375 0.27109375
2 0.2078125 0.60546875 0.14296875 0.215625
2 0.30703125 0.4046875 0.0828125 0.1015625
2 0.83125 0.7015625 0.16328125 0.24296875
3 0.4046875 0.559375 0.13515625 0.2671875
3 0.35234375 0.259375 0.059375 0.11484375
2 0.63828125 0.31640625 0.0640625 0.08203125
2 0.51796875 0.24453125 0.05 0.05546875
2 0.43515625 0.33125 0.06796875 0.07734375
3 0.41640625 0.38828125 0.0921875 0.0796875
0 0.36875 0.340625 0.02578125 0.07890625
0 0.396875 0.27578125 0.0171875 0.06953125
0 0.721875 0.35078125 0.0296875 0.09140625
2 0.5921875 0.246875 0.0546875 0.084375