1 0.340625 0.3546875 0.1328125 0.23046875
2 0.4328125 0.4859375 0.08359375 0.1203125
2 0.23125 0.6859375 0.13203125 0.1703125
2 0.37890625 0.75390625 0.134375 0.21953125
2 0.56953125 0.66015625 0.1078125 0.19453125
2 0.69921875 0.52421875 0.1203125 0.14765625
2 0.55859375 0.4859375 0.0796875 0.10703125
2 0.465625 0.3546875 0.06328125 0.08515625
0 0.2625 0.4109375 0.028125 0.09765625
2 0.7671875 0.74609375 0.1703125 0.225
2 0.5921875 0.915625 0.1671875 0.16796875
2 0.54140625 0.2828125 0.05078125 0.0765625
2 0.55078125 0.35859375 0.06015625 0.07734375
2 0.48828125 0.20234375 0.03359375 0.0390625
2 0.440625 0.275 0.05078125 0.06171875
0 0.39609375 0.21328125 0.01328125 0.0390625
0 0.41015625 0.1875 0.009375 0.0359375
0 0.42265625 0.18046875 0.00859375 0.034375
0 0.4390625 0.1609375 0.0109375 0.03125
0 0.45078125 0.1421875 0.00703125 0.02421875
2 0.65234375 0.4140625 0.08046875 0.09453125
2 0.6375 0.33984375 0.06328125 0.06875
2 0.6203125 0.29453125 0.0484375 0.06015625