3 0.38046875 0.6265625 0.1390625 0.28046875
2 0.1625 0.71328125 0.165625 0.23984375
2 0.3484375 0.85546875 0.1671875 0.26328125
2 0.82734375 0.80546875 0.17421875 0.2546875
2 0.62109375 0.38828125 0.06640625 0.0765625
3 0.32578125 0.3265625 0.0625 0.11796875
2 0.4125 0.3921875 0.06875 0.06875
2 0.5734375 0.31640625 0.05625 0.08984375
0 0.3359375 0.415625 0.0328125 0.0890625
0 0.36640625 0.3609375 0.01953125 0.06875
0 0.71171875 0.43515625 0.03046875 0.0890625
0 0.590625 0.2609375 0.015625 0.0515625
0 0.56875 0.246875 0.01484375 0.04296875
2 0.41328125 0.34375 0.06015625 0.05703125
3 0.39375 0.45390625 0.090625 0.078125