2 0.39921875 0.76953125 0.13046875 0.2125
2 0.72421875 0.76640625 0.140625 0.2125
2 0.578125 0.81328125 0.12734375 0.2578125
3 0.390625 0.41953125 0.0609375 0.07109375
3 0.4703125 0.45703125 0.06484375 0.090625
3 0.5921875 0.315625 0.03359375 0.059375
0 0.25703125 0.53125 0.0359375 0.084375
0 0.425 0.459375 0.02421875 0.0734375
2 0.3609375 0.5140625 0.084375 0.09296875
2 0.6578125 0.51875 0.09765625 0.14765625
2 0.54296875 0.425 0.05390625 0.07578125
2 0.6265625 0.4203125 0.05 0.0578125
2 0.446875 0.353125 0.03984375 0.04296875
2 0.49140625 0.36640625 0.0390625 0.04765625
2 0.54765625 0.36484375 0.0375 0.04609375
2 0.60703125 0.365625 0.04296875 0.06015625
2 0.46328125 0.31796875 0.03203125 0.03359375
2 0.50625 0.3203125 0.03046875 0.0390625
2 0.546875 0.32890625 0.028125 0.0359375
0 0.44140625 0.303125 0.009375 0.03125
0 0.45546875 0.275 0.009375 0.02578125