3 0.36796875 0.80078125 0.13671875 0.26015625
3 0.375 0.63828125 0.0921875 0.09375
2 0.3453125 0.94140625 0.159375 0.1171875
2 0.171875 0.809375 0.1421875 0.20078125
0 0.4859375 0.93203125 0.0546875 0.1359375
0 0.52890625 0.6984375 0.0421875 0.11328125
2 0.67890625 0.72578125 0.09921875 0.1296875
2 0.25625 0.66484375 0.08828125 0.10234375
2 0.89921875 0.9453125 0.1765625 0.10859375
2 0.6015625 0.57890625 0.08359375 0.1296875
2 0.2796875 0.5765625 0.07421875 0.08515625
2 0.39375 0.56328125 0.06484375 0.07109375
2 0.54765625 0.46875 0.046875 0.0578125
3 0.46640625 0.4703125 0.04765625 0.0671875
3 0.36171875 0.3796875 0.028125 0.05078125
0 0.50078125 0.45 0.01640625 0.04765625
3 0.39609375 0.5015625 0.05390625 0.07421875