3 0.21328125 0.696875 0.19140625 0.36484375
0 0.7046875 0.79921875 0.06328125 0.190625
0 0.8390625 0.68515625 0.05703125 0.14140625
2 0.56640625 0.553125 0.08125 0.12578125
2 0.44921875 0.5125 0.07734375 0.1171875
2 0.37734375 0.4203125 0.07890625 0.103125
3 0.6546875 0.45625 0.0765625 0.13828125
2 0.634375 0.3484375 0.05 0.06875
2 0.55859375 0.3609375 0.05078125 0.07109375
2 0.490625 0.33671875 0.04765625 0.0703125
2 0.4453125 0.29453125 0.03671875 0.0453125
0 0.64296875 0.26640625 0.01328125 0.04375
2 0.596875 0.9109375 0.15625 0.178125