3 0.496875 0.49921875 0.02265625 0.03515625
3 0.54296875 0.54140625 0.03046875 0.06015625
3 0.5015625 0.55078125 0.0328125 0.04609375
3 0.36640625 0.66953125 0.08046875 0.134375
3 0.453125 0.66171875 0.0640625 0.1046875
1 0.65 0.8453125 0.2 0.309375
2 0.221875 0.87578125 0.15390625 0.19375
2 0.4 0.78125 0.09453125 0.14453125
2 0.50703125 0.74453125 0.0625 0.10625
2 0.60859375 0.65703125 0.04921875 0.07265625
2 0.525 0.6359375 0.04609375 0.06875
2 0.59921875 0.596875 0.03671875 0.0484375
2 0.4828125 0.5921875 0.03671875 0.04609375
2 0.53046875 0.58984375 0.03671875 0.0515625
2 0.4234375 0.6015625 0.0515625 0.05546875
2 0.4765625 0.52734375 0.028125 0.03203125
0 0.41484375 0.93671875 0.0546875 0.1265625
0 0.53125 0.68125 0.0203125 0.06484375
0 0.565625 0.69296875 0.021875 0.06015625
0 0.64140625 0.58203125 0.01328125 0.04296875