0 0.203125 0.496875 0.0515625 0.11484375
0 0.309375 0.42109375 0.0390625 0.10390625
0 0.64375 0.45546875 0.04296875 0.1078125
0 0.59765625 0.23671875 0.01953125 0.05859375
0 0.46328125 0.215625 0.01875 0.05703125
0 0.53671875 0.14375 0.01328125 0.03984375
2 0.13671875 0.840625 0.2734375 0.31875
2 0.58828125 0.63359375 0.13046875 0.2484375
2 0.70546875 0.42421875 0.1109375 0.14140625
2 0.5703125 0.375 0.0734375 0.1
2 0.4703125 0.33359375 0.065625 0.08984375
2 0.56171875 0.2625 0.05625 0.08046875
2 0.63671875 0.246875 0.05546875 0.06875
2 0.4375 0.20390625 0.04296875 0.053125
2 0.4984375 0.196875 0.040625 0.05078125
2 0.56328125 0.18671875 0.03984375 0.04765625
2 0.4671875 0.13515625 0.0328125 0.04296875
3 0.47265625 0.1 0.02734375 0.0359375
2 0.51328125 0.1375 0.03046875 0.03984375
2 0.5859375 0.1390625 0.0453125 0.046875