2 0.14453125 0.9046875 0.1828125 0.18984375
2 0.36640625 0.88515625 0.1609375 0.22890625
3 0.3921875 0.69375 0.14453125 0.2734375
3 0.5515625 0.6484375 0.109375 0.18125
2 0.73359375 0.67890625 0.15 0.23828125
2 0.52890625 0.45625 0.071875 0.09296875
2 0.65 0.45859375 0.07109375 0.09140625
2 0.3421875 0.41640625 0.0671875 0.0890625
2 0.4234375 0.4671875 0.0671875 0.075
3 0.38515625 0.3015625 0.0359375 0.06796875
3 0.4015625 0.52421875 0.09609375 0.08359375
0 0.5578125 0.540625 0.0328125 0.0953125
0 0.7140625 0.54453125 0.04296875 0.0546875
0 0.53359375 0.38125 0.01875 0.05859375
0 0.39921875 0.34140625 0.01796875 0.046875
0 0.4203125 0.29140625 0.01171875 0.0359375
0 0.58828125 0.3171875 0.01484375 0.04375
2 0.8765625 0.94296875 0.17109375 0.1140625