0 0.90546875 0.76875 0.07734375 0.2078125
0 0.728125 0.47421875 0.034375 0.10703125
2 0.15546875 0.7453125 0.20234375 0.33984375
2 0.35859375 0.75625 0.1265625 0.2359375
2 0.696875 0.5859375 0.1140625 0.15
2 0.3890625 0.57109375 0.08984375 0.140625
2 0.2765625 0.52109375 0.1078125 0.14453125
2 0.3203125 0.4140625 0.0734375 0.0859375
2 0.4140625 0.440625 0.06953125 0.11328125
2 0.6125 0.39140625 0.06171875 0.08125
3 0.4984375 0.33125 0.05078125 0.084375
2 0.57421875 0.33046875 0.04765625 0.06015625
2 0.35078125 0.3421875 0.05390625 0.0640625
2 0.42421875 0.36953125 0.05625 0.07734375
2 0.43125 0.31484375 0.04375 0.05234375
2 0.371875 0.2890625 0.04140625 0.04609375
2 0.440625 0.26484375 0.0328125 0.04375
2 0.54921875 0.28984375 0.03671875 0.04765625