2 0.34921875 0.89453125 0.1734375 0.21015625
2 0.55 0.94375 0.16875 0.1125
2 0.75546875 0.9359375 0.17265625 0.128125
2 0.2625 0.6671875 0.11875 0.1390625
0 0.31015625 0.72734375 0.0453125 0.1171875
2 0.4125 0.64609375 0.10078125 0.13671875
2 0.68515625 0.7140625 0.1125 0.1515625
2 0.54765625 0.615625 0.0859375 0.11484375
2 0.640625 0.52890625 0.09296875 0.13828125
2 0.37265625 0.45546875 0.06328125 0.0703125
3 0.453125 0.45546875 0.06171875 0.08046875
3 0.3828125 0.40078125 0.05234375 0.05546875
2 0.52578125 0.46328125 0.06171875 0.08515625
2 0.61640625 0.45 0.05546875 0.06015625
0 0.43203125 0.3921875 0.0171875 0.0515625
2 0.471875 0.3796875 0.040625 0.04609375
2 0.42421875 0.3671875 0.04296875 0.04140625
2 0.53203125 0.40859375 0.0453125 0.04609375
2 0.59765625 0.3921875 0.0453125 0.06484375
3 0.58125 0.3421875 0.0359375 0.065625
2 0.53203125 0.378125 0.0390625 0.03671875