3 0.48125 0.61015625 0.1125 0.26640625
3 0.48203125 0.42890625 0.02890625 0.04140625
2 0.46484375 0.86015625 0.10703125 0.2265625
2 0.63671875 0.89296875 0.1359375 0.2140625
2 0.7171875 0.7609375 0.14140625 0.21484375
2 0.6140625 0.56640625 0.05625 0.071875
3 0.54453125 0.53203125 0.046875 0.1125
2 0.4296875 0.48203125 0.03515625 0.04296875
2 0.4359375 0.45390625 0.028125 0.0359375
2 0.48046875 0.46328125 0.03359375 0.034375
2 0.51953125 0.45390625 0.03125 0.03984375
0 0.5671875 0.521875 0.01484375 0.05546875
0 0.64140625 0.5140625 0.01875 0.05078125
0 0.60546875 0.665625 0.03046875 0.090625
0 0.55859375 0.71796875 0.02890625 0.10859375