3 0.43359375 0.65390625 0.10078125 0.14453125
3 0.440625 0.52578125 0.06484375 0.09765625
3 0.58203125 0.4015625 0.025 0.04453125
3 0.60703125 0.36171875 0.02109375 0.03828125
3 0.62890625 0.3640625 0.0125 0.021875
1 0.6484375 0.36875 0.0234375 0.02578125
1 0.64453125 0.4125 0.03515625 0.06484375
2 0.621875 0.88515625 0.11875 0.2296875
2 0.525 0.7140625 0.0859375 0.13515625
2 0.31484375 0.67578125 0.13046875 0.1390625
2 0.4859375 0.4921875 0.040625 0.0453125
2 0.5125 0.52890625 0.05234375 0.05859375
2 0.57734375 0.528125 0.04375 0.0578125
2 0.6375 0.5203125 0.0453125 0.06484375
2 0.65 0.46640625 0.03515625 0.0421875
3 0.59765625 0.4546875 0.03125 0.046875
0 0.59296875 0.42734375 0.01171875 0.0171875
2 0.615625 0.4 0.02109375 0.0265625
2 0.5453125 0.4703125 0.0390625 0.04609375
2 0.5671875 0.44296875 0.02734375 0.03125
2 0.521875 0.44609375 0.03203125 0.0375
2 0.53828125 0.42265625 0.02734375 0.0359375
2 0.55625 0.403125 0.021875 0.02421875