3 0.128125 0.82578125 0.25546875 0.3484375
3 0.5859375 0.64296875 0.13125 0.28515625
2 0.428125 0.678125 0.140625 0.253125
2 0.76875 0.56484375 0.14921875 0.20859375
2 0.5890625 0.35625 0.07890625 0.11015625
2 0.68828125 0.3078125 0.07421875 0.0921875
2 0.48984375 0.29609375 0.06875 0.08984375
2 0.57421875 0.2421875 0.059375 0.0859375
2 0.65078125 0.21171875 0.0578125 0.0703125
2 0.57421875 0.18203125 0.046875 0.05546875
2 0.5171875 0.15703125 0.04375 0.0625
2 0.4671875 0.15234375 0.0421875 0.04921875
2 0.5734375 0.1359375 0.0375 0.0453125
0 0.43203125 0.12265625 0.0171875 0.04453125
0 0.40390625 0.17109375 0.01953125 0.0546875
0 0.459375 0.0859375 0.0125 0.0359375
0 0.29921875 0.35078125 0.03359375 0.09609375