2 0.24609375 0.68515625 0.13359375 0.1765625
2 0.3875 0.8203125 0.13359375 0.26171875
2 0.5609375 0.76484375 0.12890625 0.246875
2 0.74765625 0.68515625 0.12734375 0.17265625
2 0.665625 0.51015625 0.0765625 0.1015625
2 0.43828125 0.46015625 0.0671875 0.1
2 0.3546875 0.446875 0.06875 0.0859375
2 0.5046875 0.38515625 0.0484375 0.06328125
2 0.5984375 0.39375 0.05078125 0.06484375
2 0.5875 0.34609375 0.0421875 0.05078125
2 0.459375 0.32578125 0.0359375 0.0515625
3 0.38125 0.365625 0.053125 0.078125
3 0.396875 0.321875 0.04296875 0.06484375
0 0.50859375 0.309375 0.01484375 0.04296875
2 0.57109375 0.3 0.0328125 0.04140625