3 0.19609375 0.846875 0.21796875 0.30546875
2 0.59921875 0.87890625 0.15859375 0.2421875
2 0.8609375 0.8828125 0.2046875 0.234375
2 0.31953125 0.56484375 0.09609375 0.13515625
2 0.4453125 0.54296875 0.07421875 0.1109375
2 0.659375 0.5109375 0.075 0.09375
2 0.703125 0.63984375 0.11171875 0.1421875
2 0.59140625 0.390625 0.04921875 0.0578125
3 0.51484375 0.36328125 0.0734375 0.146875
2 0.4359375 0.3859375 0.0515625 0.07421875
2 0.375 0.35703125 0.0453125 0.053125
2 0.3609375 0.4078125 0.0546875 0.07734375
0 0.4171875 0.31640625 0.01328125 0.04375
2 0.38984375 0.3109375 0.0359375 0.04140625
2 0.4390625 0.29921875 0.03203125 0.03984375
2 0.5453125 0.32265625 0.034375 0.040625
2 0.47890625 0.32265625 0.0234375 0.040625