2 0.2359375 0.86953125 0.1390625 0.17890625
2 0.4 0.79140625 0.0875 0.13203125
2 0.50234375 0.74375 0.05703125 0.09375
1 0.6234375 0.83671875 0.15703125 0.3265625
3 0.3765625 0.67421875 0.0734375 0.11328125
3 0.44765625 0.68046875 0.05859375 0.1
2 0.51796875 0.65390625 0.0421875 0.06328125
2 0.5875 0.62265625 0.0328125 0.0484375
2 0.425 0.6171875 0.04765625 0.0484375
2 0.47578125 0.61640625 0.03515625 0.04453125
2 0.5234375 0.61015625 0.03515625 0.04453125
2 0.57578125 0.58984375 0.0296875 0.0421875
3 0.534375 0.56796875 0.0265625 0.0546875
2 0.49375 0.5796875 0.03203125 0.0359375
2 0.47109375 0.55234375 0.025 0.02890625
2 0.50546875 0.55546875 0.02265625 0.025
3 0.49140625 0.5265625 0.02109375 0.03359375
0 0.4421875 0.865625 0.03515625 0.1140625
2 0.3078125 0.9484375 0.13984375 0.103125
0 0.52421875 0.6921875 0.021875 0.059375
0 0.5546875 0.68125 0.015625 0.04921875
0 0.61484375 0.57734375 0.0140625 0.0375
2 0.59375 0.65625 0.04375 0.03515625