1 0.21640625 0.73359375 0.27890625 0.39765625
2 0.3859375 0.8203125 0.1171875 0.16015625
2 0.534375 0.8375 0.12578125 0.2140625
2 0.68828125 0.7578125 0.1125 0.14375
2 0.4359375 0.6015625 0.071875 0.0859375
2 0.528125 0.6203125 0.06875 0.0921875
2 0.64609375 0.621875 0.0828125 0.10234375
2 0.365625 0.52734375 0.06875 0.08046875
2 0.46484375 0.50078125 0.05 0.059375
2 0.5296875 0.5296875 0.05859375 0.07421875
0 0.41953125 0.5125 0.0234375 0.0609375
0 0.31875 0.49765625 0.02109375 0.059375
0 0.3390625 0.4765625 0.0234375 0.05546875
0 0.36015625 0.4515625 0.01875 0.046875
0 0.38359375 0.425 0.01328125 0.03828125
0 0.3984375 0.4 0.0125 0.0328125
2 0.40078125 0.465625 0.05 0.05390625
2 0.615625 0.55703125 0.06484375 0.0734375
2 0.60703125 0.5078125 0.05 0.05078125
2 0.534375 0.47578125 0.046875 0.05078125
2 0.421875 0.42578125 0.03671875 0.03984375
2 0.47265625 0.45703125 0.04296875 0.0546875
2 0.59375 0.46328125 0.0515625 0.07578125
3 0.571875 0.39375 0.03203125 0.05546875