3 0.48046875 0.625 0.11328125 0.2609375
3 0.48046875 0.44921875 0.0296875 0.04375
2 0.325 0.84453125 0.12890625 0.22734375
2 0.4640625 0.8828125 0.109375 0.234375
2 0.7609375 0.85859375 0.1765625 0.28203125
2 0.62578125 0.60546875 0.0640625 0.0828125
3 0.55234375 0.571875 0.05703125 0.13359375
2 0.40546875 0.58125 0.0515625 0.071875
2 0.4265625 0.5046875 0.03671875 0.04296875
2 0.434375 0.4734375 0.03046875 0.0375
2 0.4796875 0.48125 0.0328125 0.0328125
2 0.51953125 0.47734375 0.034375 0.0421875
2 0.5703125 0.48515625 0.0375 0.05234375
0 0.63359375 0.76640625 0.0375 0.1234375
0 0.57578125 0.8484375 0.0390625 0.14921875
0 0.6671875 0.56640625 0.0203125 0.05625
0 0.5734375 0.5546875 0.0125 0.053125
0 0.5859375 0.453125 0.01328125 0.025
0 0.54140625 0.5 0.01015625 0.01640625
3 0.4515625 0.41328125 0.01875 0.034375
2 0.4421875 0.44765625 0.02421875 0.0265625
2 0.44921875 0.43359375 0.02109375 0.0234375
2 0.4796875 0.41796875 0.0171875 0.01953125
2 0.50234375 0.40703125 0.01484375 0.01875
3 0.52109375 0.44765625 0.02421875 0.03203125
2 0.53515625 0.42421875 0.01953125 0.02265625
0 0.51484375 0.4046875 0.00625 0.0171875
2 0.528125 0.40546875 0.015625 0.0171875
3 0.4796875 0.3984375 0.015625 0.028125