2 0.36640625 0.69296875 0.0921875 0.15
2 0.46328125 0.85625 0.1078125 0.2265625
2 0.69609375 0.715625 0.121875 0.190625
2 0.4140625 0.53203125 0.04765625 0.06875
2 0.60625 0.5484375 0.05546875 0.07421875
3 0.54296875 0.5171875 0.04453125 0.10859375
3 0.48125 0.60234375 0.09765625 0.26640625
2 0.43125 0.471875 0.034375 0.040625
2 0.48203125 0.46015625 0.03125 0.03515625
3 0.48359375 0.4234375 0.028125 0.04453125
0 0.5921875 0.62578125 0.03125 0.0796875
0 0.5515625 0.6640625 0.02734375 0.08984375
0 0.62734375 0.490625 0.015625 0.04140625
0 0.56328125 0.50859375 0.0140625 0.0515625
0 0.878125 0.92890625 0.06875 0.14140625