1 0.2265625 0.7078125 0.26796875 0.384375
2 0.39296875 0.78125 0.1078125 0.14765625
2 0.53515625 0.81328125 0.12421875 0.20546875
2 0.68828125 0.74609375 0.11328125 0.14296875
2 0.528125 0.6109375 0.06875 0.09375
2 0.646875 0.61484375 0.08203125 0.103125
2 0.4390625 0.58671875 0.07109375 0.0828125
2 0.36875 0.51640625 0.06796875 0.07734375
0 0.42265625 0.49453125 0.01796875 0.05703125
0 0.3265625 0.48203125 0.01796875 0.0578125
0 0.346875 0.4609375 0.0203125 0.053125
0 0.3671875 0.43984375 0.0140625 0.04140625
0 0.3875 0.4140625 0.01171875 0.03671875
0 0.4015625 0.38984375 0.0125 0.034375
2 0.40234375 0.45703125 0.04765625 0.05
2 0.46640625 0.4921875 0.046875 0.05859375
2 0.53046875 0.52265625 0.05703125 0.071875
2 0.61484375 0.55 0.0609375 0.071875
2 0.60546875 0.5015625 0.0515625 0.05
2 0.59296875 0.45625 0.05078125 0.075
2 0.53515625 0.46953125 0.0453125 0.04921875
2 0.47265625 0.44921875 0.04296875 0.05234375
2 0.42265625 0.41953125 0.03671875 0.03984375