1 0.625 0.83828125 0.175 0.3234375
2 0.40078125 0.7953125 0.08984375 0.14140625
2 0.2328125 0.8765625 0.15546875 0.18359375
2 0.503125 0.74375 0.0546875 0.0890625
3 0.44765625 0.68203125 0.0609375 0.1
2 0.51953125 0.653125 0.0421875 0.06328125
2 0.58984375 0.62109375 0.03359375 0.04609375
2 0.52421875 0.609375 0.0375 0.04609375
3 0.53515625 0.56484375 0.02734375 0.05546875
2 0.47734375 0.61484375 0.034375 0.04375
2 0.4265625 0.61796875 0.04375 0.05078125
3 0.37734375 0.67421875 0.0765625 0.1171875
3 0.4953125 0.5765625 0.03203125 0.04453125
0 0.61875 0.58125 0.0125 0.03515625
0 0.5578125 0.6890625 0.015625 0.05078125
0 0.5265625 0.68984375 0.01796875 0.05546875
0 0.4375 0.88359375 0.034375 0.11796875
2 0.3109375 0.95078125 0.13125 0.0984375