3 0.3453125 0.690625 0.09453125 0.1578125
3 0.4484375 0.6640625 0.0671875 0.1140625
3 0.4984375 0.54453125 0.03515625 0.05234375
3 0.5421875 0.53515625 0.03203125 0.065625
3 0.490625 0.49140625 0.02421875 0.0390625
2 0.4703125 0.5234375 0.02890625 0.0359375
2 0.58671875 0.55390625 0.03671875 0.04921875
2 0.528125 0.59140625 0.04140625 0.05703125
2 0.47890625 0.58828125 0.0390625 0.046875
2 0.60234375 0.5953125 0.04140625 0.05390625
2 0.6171875 0.675 0.05703125 0.0875
2 0.52265625 0.6484375 0.05 0.08671875
2 0.41015625 0.61015625 0.05546875 0.0609375
2 0.5 0.7984375 0.078125 0.13359375
2 0.3875 0.80703125 0.10703125 0.16796875
2 0.20390625 0.89375 0.1703125 0.2125
0 0.665625 0.628125 0.02109375 0.0578125
0 0.528125 0.70546875 0.02421875 0.07421875
0 0.57109375 0.76015625 0.03046875 0.0828125