3 0.60546875 0.68203125 0.09453125 0.1859375
3 0.48046875 0.7953125 0.1 0.1609375
2 0.46875 0.93203125 0.12578125 0.1359375
2 0.3125 0.8140625 0.10390625 0.1328125
2 0.6359375 0.815625 0.10546875 0.13359375
2 0.715625 0.7140625 0.0859375 0.0984375
2 0.37421875 0.63046875 0.06484375 0.075
2 0.4765625 0.6125 0.06015625 0.08984375
2 0.4765625 0.5421875 0.046875 0.059375
2 0.55390625 0.57890625 0.05078125 0.059375
2 0.66796875 0.63515625 0.059375 0.071875
3 0.425 0.45625 0.03515625 0.0546875
3 0.475 0.5 0.040625 0.0609375
2 0.4640625 0.7015625 0.0765625 0.09375