0 0.65234375 0.55 0.0546875 0.140625
0 0.328125 0.2015625 0.03046875 0.06796875
0 0.3671875 0.14375 0.025 0.06875
0 0.7046875 0.87890625 0.0765625 0.215625
2 0.16953125 0.675 0.20703125 0.27109375
2 0.31484375 0.92265625 0.23125 0.1546875
2 0.78515625 0.69453125 0.20078125 0.31796875
2 0.5640625 0.51640625 0.11015625 0.22890625
2 0.36953125 0.2796875 0.08671875 0.0953125
3 0.45390625 0.24921875 0.0796875 0.1171875
2 0.55390625 0.26796875 0.06640625 0.096875
2 0.64609375 0.21484375 0.065625 0.07734375