2 0.30078125 0.8953125 0.14609375 0.20859375
3 0.36796875 0.7 0.0703125 0.15703125
3 0.45078125 0.859375 0.1015625 0.28125
3 0.5734375 0.59765625 0.0484375 0.09296875
3 0.40546875 0.58046875 0.0390625 0.07734375
1 0.54921875 0.528125 0.05078125 0.07734375
2 0.74609375 0.90703125 0.14609375 0.1859375
2 0.61640625 0.68203125 0.06796875 0.0984375
2 0.534375 0.70078125 0.05625 0.084375
2 0.51328125 0.59140625 0.0390625 0.05625
2 0.45546875 0.62578125 0.04375 0.06640625
2 0.45703125 0.5703125 0.03203125 0.04140625
2 0.41796875 0.5546875 0.028125 0.0359375
2 0.42890625 0.52890625 0.0234375 0.02890625
2 0.45234375 0.7 0.06171875 0.05625