0 0.37265625 0.16484375 0.02578125 0.059375
0 0.60234375 0.1703125 0.021875 0.06015625
0 0.6109375 0.23046875 0.0234375 0.06796875
0 0.31875 0.259375 0.028125 0.075
0 0.23046875 0.36796875 0.04609375 0.1046875
0 0.16328125 0.5296875 0.0609375 0.1359375
0 0.62109375 0.35703125 0.0359375 0.1015625
3 0.496875 0.1296875 0.04765625 0.0734375
3 0.4578125 0.3640625 0.09296875 0.140625
2 0.8015625 0.659375 0.184375 0.26328125
2 0.59609375 0.709375 0.1484375 0.32109375
2 0.2859375 0.5296875 0.15 0.19765625
2 0.68984375 0.3765625 0.0984375 0.12578125
2 0.56484375 0.2953125 0.0703125 0.1109375
2 0.38984375 0.234375 0.0640625 0.06796875
2 0.446875 0.1359375 0.0453125 0.0515625
2 0.5609375 0.1953125 0.05078125 0.065625
2 0.56015625 0.14140625 0.0421875 0.0515625
2 0.63046875 0.1484375 0.04765625 0.0546875
2 0.61015625 0.09375 0.03828125 0.04609375