0 0.44140625 0.75234375 0.0625 0.153125
0 0.68515625 0.8265625 0.0703125 0.184375
0 0.47265625 0.278125 0.0203125 0.05625
3 0.34609375 0.425 0.10859375 0.125
2 0.57734375 0.8359375 0.1375 0.32734375
2 0.765625 0.72109375 0.16953125 0.26484375
3 0.68828125 0.4375 0.1015625 0.1359375
2 0.5640625 0.49921875 0.0953125 0.15
2 0.4671875 0.4046875 0.08046875 0.1125
2 0.55546875 0.375 0.06328125 0.08046875
2 0.6484375 0.31875 0.06640625 0.078125
3 0.43828125 0.25 0.0515625 0.0640625
2 0.49609375 0.24921875 0.0421875 0.05078125
2 0.56171875 0.25078125 0.04296875 0.05390625
2 0.621875 0.2375 0.04296875 0.05
3 0.61015625 0.19296875 0.0390625 0.0671875
3 0.5890625 0.12109375 0.028125 0.0515625
2 0.5890625 0.1578125 0.0359375 0.0328125
2 0.4734375 0.18984375 0.03515625 0.0375
2 0.51171875 0.1921875 0.034375 0.03828125
2 0.56015625 0.20859375 0.034375 0.03671875
2 0.5546875 0.18046875 0.0296875 0.0359375
2 0.48125 0.14609375 0.0296875 0.03984375
0 0.4625 0.13203125 0.0078125 0.025
0 0.475 0.115625 0.0078125 0.0234375
0 0.55390625 0.12890625 0.0109375 0.02734375
2 0.5578125 0.15546875 0.028125 0.0296875
2 0.5234375 0.1375 0.02265625 0.0296875