0 0.85078125 0.65625 0.05078125 0.1421875
0 0.77890625 0.56796875 0.04453125 0.1203125
0 0.73046875 0.47734375 0.03046875 0.09375
0 0.71484375 0.43046875 0.02265625 0.07109375
0 0.68359375 0.38203125 0.021875 0.065625
0 0.65703125 0.36328125 0.01953125 0.0625
0 0.66875 0.34296875 0.01640625 0.06015625
0 0.6140625 0.2546875 0.01328125 0.0390625
0 0.59921875 0.23671875 0.01171875 0.03828125
3 0.14453125 0.7296875 0.20234375 0.37265625
3 0.54765625 0.64140625 0.1125 0.24140625
3 0.30234375 0.82890625 0.19296875 0.3421875
2 0.784375 0.78203125 0.17734375 0.271875
2 0.38828125 0.59375 0.1046875 0.14296875
2 0.2765625 0.52890625 0.09765625 0.13125
2 0.6640625 0.54140625 0.0921875 0.13203125
2 0.52265625 0.4984375 0.08046875 0.109375
2 0.4234375 0.4515625 0.07421875 0.10078125
2 0.3359375 0.41484375 0.0734375 0.0984375
2 0.63984375 0.44453125 0.0734375 0.090625
2 0.5296875 0.39453125 0.065625 0.08828125
3 0.37734375 0.3265625 0.0546875 0.0796875
2 0.45703125 0.34296875 0.05390625 0.065625
2 0.55234375 0.9390625 0.14453125 0.121875