3 0.35859375 0.76796875 0.08984375 0.19765625
3 0.6015625 0.64375 0.0609375 0.1140625
3 0.4078125 0.609375 0.0453125 0.08671875
1 0.57109375 0.5546875 0.0625 0.090625
3 0.53203125 0.53515625 0.021875 0.03203125
2 0.509375 0.571875 0.03046875 0.03828125
2 0.46484375 0.59453125 0.034375 0.046875
2 0.53671875 0.64921875 0.05 0.07890625
2 0.46328125 0.6703125 0.05 0.0796875
2 0.68515625 0.790625 0.10234375 0.1515625
2 0.57578125 0.8390625 0.09296875 0.1515625
2 0.45703125 0.80234375 0.0828125 0.09921875
3 0.4546875 0.9234375 0.128125 0.153125