3 0.3546875 0.73359375 0.0859375 0.18046875
3 0.58046875 0.62109375 0.05625 0.10234375
3 0.39921875 0.59609375 0.04453125 0.0828125
2 0.41328125 0.56640625 0.03125 0.03671875
2 0.453125 0.58359375 0.03359375 0.0453125
3 0.4453125 0.8921875 0.115625 0.215625
1 0.5546875 0.54375 0.05625 0.08515625
2 0.4953125 0.55703125 0.028125 0.03359375
2 0.45703125 0.53203125 0.0234375 0.028125
2 0.425 0.5390625 0.02578125 0.02890625
2 0.4890625 0.5234375 0.02109375 0.02578125
3 0.51875 0.5265625 0.0203125 0.03125
2 0.4296875 0.5109375 0.021875 0.02578125
2 0.45625 0.51171875 0.01953125 0.02265625
2 0.446875 0.7515625 0.07265625 0.06953125
2 0.28515625 0.93515625 0.1359375 0.1296875