2 0.39609375 0.73046875 0.15 0.2984375
2 0.2546875 0.565625 0.15078125 0.23046875
2 0.56328125 0.54140625 0.12109375 0.19609375
2 0.76953125 0.66875 0.19921875 0.26015625
2 0.3390625 0.3265625 0.078125 0.11171875
2 0.44765625 0.3625 0.078125 0.1359375
2 0.54296875 0.3515625 0.0875 0.1171875
2 0.6625 0.3859375 0.1078125 0.14921875
2 0.61328125 0.23671875 0.071875 0.09296875
2 0.45625 0.25859375 0.06015625 0.0734375
2 0.390625 0.20390625 0.06015625 0.08359375
2 0.53671875 0.21015625 0.05703125 0.07578125
2 0.475 0.18671875 0.0515625 0.06640625
1 0.41796875 0.103125 0.0625 0.09921875
0 0.440625 0.16484375 0.0140625 0.0578125
2 0.296875 0.12734375 0.09296875 0.05859375