2 0.28359375 0.884375 0.1578125 0.23125
2 0.56171875 0.80703125 0.08046875 0.15
2 0.4640625 0.7015625 0.05546875 0.09921875
2 0.39296875 0.69140625 0.06796875 0.1
2 0.42109375 0.61171875 0.04296875 0.05390625
3 0.48203125 0.59375 0.04453125 0.10078125
2 0.54453125 0.6140625 0.04453125 0.07734375
2 0.53984375 0.55859375 0.03515625 0.0375
2 0.44921875 0.55078125 0.03203125 0.03828125
2 0.4609375 0.525 0.025 0.03125
2 0.49609375 0.54921875 0.028125 0.03515625
2 0.5859375 0.5390625 0.0265625 0.03515625
1 0.6265625 0.6125 0.09921875 0.165625
3 0.5078125 0.4703125 0.02265625 0.05
1 0.7390625 0.9171875 0.22578125 0.16484375
0 0.56484375 0.54765625 0.01484375 0.040625