2 0.18984375 0.73125 0.196875 0.24296875
2 0.4265625 0.54296875 0.109375 0.159375
2 0.575 0.525 0.103125 0.16640625
2 0.74765625 0.61640625 0.15234375 0.2359375
0 0.68125 0.7359375 0.0609375 0.16171875
0 0.52265625 0.2515625 0.021875 0.06171875
2 0.42265625 0.18828125 0.04921875 0.06875
2 0.390625 0.2828125 0.06796875 0.08359375
2 0.48984375 0.240625 0.04921875 0.0609375
2 0.55859375 0.3375 0.06875 0.10390625
2 0.559375 0.23828125 0.05 0.065625
2 0.6140625 0.17578125 0.040625 0.05234375
2 0.5546875 0.1796875 0.04140625 0.05859375
3 0.46875 0.10546875 0.02890625 0.03828125
0 0.43984375 0.1171875 0.01171875 0.0359375
2 0.51328125 0.1390625 0.02890625 0.03671875
2 0.60078125 0.12578125 0.03046875 0.03515625
2 0.55 0.13984375 0.03203125 0.03984375
2 0.60078125 0.91796875 0.2140625 0.1640625