3 0.36328125 0.82421875 0.1296875 0.25703125
3 0.28984375 0.62421875 0.075 0.1375
3 0.3890625 0.65 0.0734375 0.1
1 0.4609375 0.45625 0.040625 0.071875
2 0.3328125 0.5671875 0.0484375 0.06484375
2 0.49375 0.61015625 0.06015625 0.07734375
2 0.55078125 0.57265625 0.05625 0.0859375
2 0.2015625 0.896875 0.128125 0.1734375
2 0.51640625 0.5 0.0421875 0.0640625
2 0.35625 0.50703125 0.0375 0.04296875
2 0.403125 0.5734375 0.05078125 0.053125
2 0.40390625 0.53671875 0.0453125 0.046875
3 0.465625 0.51640625 0.03515625 0.05703125
0 0.77109375 0.86328125 0.04765625 0.14140625
0 0.29296875 0.76796875 0.03125 0.1171875
0 0.31640625 0.73203125 0.02421875 0.09921875
0 0.59140625 0.56015625 0.015625 0.05625
0 0.61171875 0.55 0.0125 0.05703125