1 0.6453125 0.6796875 0.109375 0.159375
3 0.396875 0.74375 0.075 0.140625
3 0.7703125 0.91484375 0.14609375 0.1703125
2 0.47421875 0.90546875 0.08984375 0.175
2 0.4796875 0.71015625 0.04609375 0.07421875
2 0.55625 0.7375 0.05390625 0.07734375
2 0.42890625 0.66640625 0.04140625 0.05
2 0.45 0.61484375 0.02890625 0.034375
2 0.48671875 0.62265625 0.0296875 0.0375
2 0.53359375 0.6390625 0.03046875 0.0390625
3 0.571875 0.62421875 0.03359375 0.04765625
2 0.4859375 0.59375 0.02421875 0.02578125
3 0.515625 0.57734375 0.021875 0.03515625
2 0.6328125 0.9546875 0.109375 0.090625
0 0.56953125 0.5765625 0.0078125 0.0234375