3 0.45078125 0.659375 0.1421875 0.27265625
3 0.2484375 0.7171875 0.15078125 0.259375
2 0.6609375 0.86640625 0.1765625 0.26640625
2 0.4296875 0.871875 0.1640625 0.25625
2 0.6765625 0.6953125 0.12578125 0.18515625
2 0.3140625 0.52265625 0.1015625 0.13671875
2 0.91875 0.6828125 0.15390625 0.165625
2 0.70859375 0.44609375 0.08046875 0.0921875
2 0.3734375 0.42578125 0.07265625 0.0796875
2 0.65546875 0.35625 0.07109375 0.10625
2 0.46640625 0.4265625 0.07265625 0.0578125
3 0.45546875 0.4890625 0.09453125 0.0796875
0 0.7421875 0.54765625 0.03515625 0.1078125
0 0.57890625 0.39921875 0.0296875 0.07734375
0 0.5515625 0.515625 0.03046875 0.1046875
0 0.5765625 0.56875 0.03203125 0.11328125