2 0.84609375 0.8515625 0.175 0.23515625
2 0.70859375 0.56015625 0.1296875 0.203125
3 0.54296875 0.490625 0.08359375 0.1359375
3 0.39921875 0.63203125 0.1359375 0.26953125
3 0.41015625 0.4734375 0.08984375 0.10078125
2 0.20546875 0.7421875 0.1484375 0.18828125
2 0.2484375 0.56640625 0.115625 0.1453125
2 0.37421875 0.84140625 0.1546875 0.246875
2 0.3125 0.45546875 0.0828125 0.0953125
2 0.52578125 0.35078125 0.059375 0.07421875
0 0.546875 0.40703125 0.02578125 0.06796875
2 0.63671875 0.37109375 0.0640625 0.08671875
2 0.43046875 0.41015625 0.06796875 0.0765625
0 0.5265625 0.2859375 0.015625 0.0453125
0 0.4109375 0.2734375 0.0140625 0.0453125
2 0.43125 0.3609375 0.06171875 0.065625
0 0.69453125 0.4453125 0.03984375 0.04296875