3 0.315625 0.68125 0.10859375 0.2
1 0.64296875 0.5921875 0.15390625 0.21171875
2 0.55859375 0.7953125 0.10078125 0.17265625
2 0.43203125 0.640625 0.0609375 0.09921875
2 0.37578125 0.55390625 0.04921875 0.0640625
2 0.51015625 0.56875 0.04765625 0.065625
3 0.55078125 0.51875 0.04296875 0.06328125
2 0.44375 0.50703125 0.03671875 0.04921875
2 0.40390625 0.48671875 0.0328125 0.04140625
2 0.44609375 0.46875 0.02734375 0.034375
2 0.5140625 0.490625 0.03046875 0.0453125
2 0.40859375 0.45078125 0.02734375 0.034375
3 0.4828125 0.45859375 0.02734375 0.0453125
2 0.44921875 0.41953125 0.0171875 0.02734375
2 0.553125 0.46796875 0.02890625 0.0359375
2 0.5078125 0.434375 0.02265625 0.02734375
2 0.475 0.43046875 0.01953125 0.02421875