3 0.2609375 0.496875 0.13984375 0.20390625
3 0.584375 0.19609375 0.05 0.10703125
2 0.40234375 0.771875 0.16875 0.36875
2 0.60546875 0.7515625 0.1484375 0.28359375
2 0.76484375 0.65390625 0.1578125 0.21875
0 0.61796875 0.5234375 0.05703125 0.1328125
2 0.2 0.7390625 0.18671875 0.28515625
0 0.4125 0.3015625 0.0265625 0.08046875
2 0.43125 0.403125 0.08359375 0.1296875
2 0.53125 0.3234375 0.07421875 0.11015625
2 0.325 0.36484375 0.07734375 0.11796875
2 0.34609375 0.278125 0.065625 0.0859375
2 0.440625 0.15546875 0.03828125 0.06328125
0 0.653125 0.3609375 0.0890625 0.11328125
0 0.7984375 0.44765625 0.046875 0.1125
2 0.5171875 0.225 0.046875 0.0734375