3 0.60078125 0.87109375 0.1421875 0.2578125
3 0.4515625 0.78515625 0.09140625 0.26328125
2 0.2984375 0.90703125 0.140625 0.18515625
2 0.44765625 0.62265625 0.046875 0.0640625
2 0.52421875 0.6546875 0.05859375 0.08203125
2 0.58046875 0.59765625 0.0453125 0.0578125
2 0.39765625 0.5484375 0.03515625 0.0453125
2 0.540625 0.53515625 0.0296875 0.034375
2 0.49296875 0.5359375 0.02890625 0.03671875
2 0.446875 0.51484375 0.02421875 0.03203125
2 0.4078125 0.5078125 0.025 0.03046875
2 0.52109375 0.50859375 0.02578125 0.028125
2 0.503125 0.4796875 0.021875 0.03125
1 0.7234375 0.7953125 0.25625 0.38671875
3 0.45078125 0.465625 0.0265625 0.059375
0 0.5578125 0.7 0.0265625 0.08359375
0 0.47421875 0.50625 0.009375 0.03046875
0 0.5734375 0.5375 0.01171875 0.0390625
0 0.46796875 0.54140625 0.01328125 0.0390625