3 0.4203125 0.65625 0.07109375 0.09453125
3 0.4015625 0.8125 0.11484375 0.2484375
3 0.33046875 0.61796875 0.065625 0.13125
1 0.48828125 0.4640625 0.03984375 0.06484375
2 0.36640625 0.56953125 0.0515625 0.06171875
2 0.259375 0.8453125 0.1078125 0.1453125
2 0.66015625 0.7734375 0.09609375 0.121875
2 0.51796875 0.6015625 0.05546875 0.07109375
2 0.57734375 0.57578125 0.053125 0.075
2 0.62109375 0.65390625 0.06171875 0.08046875
2 0.43359375 0.5859375 0.05234375 0.05546875
3 0.49296875 0.52265625 0.03359375 0.0546875
2 0.3890625 0.51640625 0.03515625 0.046875
0 0.77578125 0.81171875 0.04921875 0.125
0 0.33828125 0.74375 0.025 0.09765625
0 0.3578125 0.70625 0.021875 0.08046875
0 0.63359375 0.55703125 0.0140625 0.0515625
0 0.6109375 0.55546875 0.0125 0.04453125
2 0.43515625 0.546875 0.046875 0.04296875
2 0.43671875 0.50625 0.03828125 0.0375