2 0.7609375 0.5984375 0.175 0.2546875
2 0.44140625 0.47109375 0.103125 0.15078125
2 0.5921875 0.71875 0.1375 0.31640625
2 0.56953125 0.409375 0.078125 0.1234375
2 0.559375 0.28359375 0.0578125 0.084375
2 0.65078125 0.29765625 0.06484375 0.07890625
2 0.4875 0.24609375 0.04765625 0.0578125
2 0.41328125 0.2546875 0.05703125 0.065625
2 0.4546875 0.1609375 0.03828125 0.04609375
3 0.4609375 0.1203125 0.03125 0.0453125
2 0.56875 0.153125 0.04609375 0.0484375
2 0.5078125 0.15859375 0.034375 0.04453125
2 0.56171875 0.2046875 0.04296875 0.05078125
0 0.37578125 0.43671875 0.03671875 0.1125
0 0.70625 0.775 0.06796875 0.1859375
0 0.6109375 0.31328125 0.02265625 0.07421875
0 0.5328125 0.16328125 0.01484375 0.04296875