2 0.18984375 0.85078125 0.1390625 0.20390625
2 0.6390625 0.5921875 0.08984375 0.146875
0 0.5671875 0.7390625 0.0453125 0.11484375
0 0.5265625 0.46015625 0.0171875 0.0515625
3 0.40078125 0.79453125 0.140625 0.2515625
2 0.37578125 0.9421875 0.1640625 0.115625
3 0.4078125 0.64140625 0.0953125 0.0890625
3 0.42109375 0.571875 0.06796875 0.0765625
2 0.34296875 0.52734375 0.05859375 0.06875
2 0.425 0.509375 0.0578125 0.07109375
2 0.3671875 0.45625 0.0453125 0.06328125
3 0.49921875 0.4890625 0.05078125 0.07421875
2 0.58203125 0.475 0.05078125 0.06875
2 0.4296875 0.465625 0.0421875 0.04453125
2 0.48671875 0.4296875 0.040625 0.04609375
0 0.515625 0.96640625 0.05703125 0.0671875
2 0.93125 0.96328125 0.1375 0.0734375