2 0.11953125 0.8859375 0.1953125 0.228125
2 0.36796875 0.88671875 0.1578125 0.22578125
3 0.5921875 0.896875 0.18125 0.20625
0 0.63203125 0.75546875 0.04921875 0.14609375
2 0.8171875 0.84375 0.209375 0.3125
0 0.59609375 0.53046875 0.0296875 0.0875
3 0.39296875 0.6953125 0.134375 0.26796875
2 0.32734375 0.5640625 0.00546875 0.009375
2 0.31640625 0.48125 0.0796875 0.1125
3 0.40859375 0.53125 0.09140625 0.078125
2 0.428125 0.471875 0.06953125 0.0796875
2 0.35546875 0.403125 0.05234375 0.059375
0 0.384375 0.3734375 0.015625 0.05234375
3 0.38125 0.32890625 0.0453125 0.08203125
2 0.43125 0.35859375 0.04921875 0.0546875
2 0.6015625 0.41015625 0.05625 0.065625
0 0.62265625 0.3546875 0.0203125 0.053125
2 0.58046875 0.36171875 0.0453125 0.05
2 0.50234375 0.34296875 0.0421875 0.04765625
2 0.55 0.325 0.03984375 0.04609375
2 0.42734375 0.4203125 0.0625 0.06953125
0 0.77578125 0.665625 0.05859375 0.0765625