3 0.14375 0.89453125 0.221875 0.2109375
2 0.27890625 0.7171875 0.146875 0.2171875
2 0.48359375 0.89453125 0.1796875 0.2109375
3 0.47109375 0.51328125 0.096875 0.14609375
3 0.5875 0.4046875 0.09453125 0.17421875
2 0.61328125 0.515625 0.1 0.11328125
2 0.4546875 0.42421875 0.071875 0.0875
2 0.46484375 0.34296875 0.06015625 0.08359375
2 0.64296875 0.35859375 0.05625 0.0671875
2 0.40234375 0.29375 0.05390625 0.07109375
2 0.53828125 0.31484375 0.05078125 0.05703125
2 0.60859375 0.29375 0.05078125 0.05390625
2 0.53515625 0.365625 0.02109375 0.07109375
2 0.4640625 0.2828125 0.0484375 0.05546875
2 0.5203125 0.2609375 0.04453125 0.04921875