0 0.2234375 0.87890625 0.08671875 0.215625
0 0.628125 0.37265625 0.03125 0.084375
0 0.534375 0.17578125 0.01875 0.04453125
2 0.8125 0.73671875 0.22734375 0.34921875
2 0.4109375 0.60625 0.13359375 0.2171875
2 0.59609375 0.7703125 0.15234375 0.35078125
2 0.5734375 0.4203125 0.08203125 0.12265625
2 0.665625 0.33828125 0.0765625 0.09375
2 0.5609375 0.2921875 0.0625 0.09140625
2 0.39765625 0.29375 0.06328125 0.075
2 0.4828125 0.275 0.05390625 0.0703125
3 0.45859375 0.13046875 0.03515625 0.05078125
2 0.44765625 0.175 0.0421875 0.05234375
2 0.50703125 0.16796875 0.0359375 0.04609375
2 0.56484375 0.209375 0.04375 0.05390625
2 0.565625 0.15703125 0.04296875 0.053125