2 0.11875 0.71640625 0.21328125 0.2875
2 0.4421875 0.7875 0.21484375 0.3375
2 0.76484375 0.73984375 0.1796875 0.3140625
2 0.25 0.45078125 0.10078125 0.13671875
2 0.3625 0.55390625 0.11015625 0.17109375
2 0.515625 0.49921875 0.09453125 0.146875
2 0.7046875 0.5203125 0.12890625 0.16796875
2 0.625 0.39609375 0.0828125 0.11015625
3 0.39375 0.3515625 0.0859375 0.1640625
3 0.3359375 0.253125 0.06484375 0.0953125
3 0.50390625 0.26875 0.059375 0.10546875
3 0.36953125 0.16875 0.046875 0.0875
2 0.6125 0.3265625 0.06953125 0.08203125
2 0.58125 0.25546875 0.0640625 0.0859375
2 0.42734375 0.2671875 0.0484375 0.07265625
2 0.43046875 0.21953125 0.04765625 0.05703125
2 0.4921875 0.2171875 0.046875 0.0578125