0 0.921875 0.5890625 0.06875 0.19375
0 0.7671875 0.30546875 0.03984375 0.11796875
0 0.69140625 0.1625 0.028125 0.0734375
3 0.309375 0.634375 0.23671875 0.478125
2 0.1921875 0.51640625 0.15390625 0.23671875
2 0.5609375 0.52890625 0.12109375 0.22578125
3 0.30078125 0.2453125 0.1015625 0.18359375
2 0.4015625 0.3484375 0.0953125 0.1375
2 0.54140625 0.3046875 0.08515625 0.1296875
2 0.703125 0.4140625 0.14296875 0.2515625
0 0.4203125 0.075 0.01875 0.05703125
2 0.35546875 0.16171875 0.06796875 0.08203125
2 0.43203125 0.22578125 0.07265625 0.1015625
2 0.6671875 0.28671875 0.09765625 0.13046875
3 0.525 0.18515625 0.06875 0.115625
2 0.6203125 0.19375 0.06796875 0.08515625
2 0.44296875 0.165625 0.06015625 0.0765625
2 0.8078125 0.66015625 0.22109375 0.3609375