2 0.340625 0.7515625 0.10703125 0.15546875
2 0.403125 0.58046875 0.059375 0.078125
2 0.465625 0.71171875 0.08046875 0.1359375
3 0.57265625 0.68671875 0.08203125 0.16640625
1 0.69921875 0.6296875 0.1703125 0.24765625
2 0.475 0.57265625 0.0484375 0.07109375
2 0.53203125 0.53828125 0.040625 0.05703125
2 0.425 0.50546875 0.040625 0.0578125
2 0.4828125 0.490625 0.03203125 0.05234375
3 0.59609375 0.5390625 0.04921875 0.06875
2 0.4375 0.47109375 0.0296875 0.034375
2 0.565625 0.4828125 0.03359375 0.0421875
0 0.68046875 0.79609375 0.04765625 0.14140625
0 0.584375 0.44921875 0.009375 0.028125
0 0.61015625 0.47734375 0.0109375 0.0328125
0 0.59140625 0.47890625 0.0140625 0.0359375
0 0.54765625 0.50859375 0.0140625 0.03984375