2 0.6265625 0.915625 0.121875 0.16875
0 0.76640625 0.92109375 0.07734375 0.1375
0 0.5875 0.65625 0.02421875 0.06875
1 0.69296875 0.67734375 0.1609375 0.225
2 0.36875 0.7671875 0.08359375 0.1140625
2 0.4734375 0.70859375 0.06640625 0.10078125
3 0.5484375 0.65 0.05390625 0.1
3 0.59609375 0.60703125 0.04609375 0.06875
2 0.6015625 0.571875 0.03515625 0.03984375
2 0.56171875 0.5515625 0.0328125 0.0390625
2 0.52265625 0.57109375 0.03203125 0.04140625
2 0.478125 0.6140625 0.04140625 0.05859375
2 0.415625 0.6296875 0.04765625 0.059375
2 0.42890625 0.571875 0.0359375 0.046875
2 0.48203125 0.54609375 0.028125 0.04140625
2 0.4390625 0.54296875 0.02734375 0.03203125
0 0.5328125 0.55 0.01015625 0.0296875
0 0.58671875 0.525 0.009375 0.02890625
0 0.57734375 0.534375 0.01015625 0.03125
0 0.5609375 0.49921875 0.00859375 0.02265625
2 0.44765625 0.521875 0.021875 0.02734375
3 0.24140625 0.9546875 0.17578125 0.090625