2 0.7453125 0.6546875 0.13671875 0.2171875
2 0.12890625 0.80703125 0.2421875 0.378125
2 0.3765625 0.953125 0.1546875 0.0859375
2 0.3640625 0.74609375 0.128125 0.2484375
2 0.2671875 0.53984375 0.11328125 0.16953125
2 0.40234375 0.55390625 0.103125 0.1453125
2 0.63046875 0.3890625 0.0671875 0.09296875
3 0.51875 0.3453125 0.06875 0.09609375
2 0.425 0.42421875 0.06875 0.1046875
2 0.3125 0.425 0.0796875 0.09375
2 0.3515625 0.34609375 0.05703125 0.071875
0 0.83359375 0.60546875 0.04921875 0.1421875
0 0.6484375 0.2625 0.0234375 0.05078125
2 0.5875 0.3234375 0.04921875 0.0671875
2 0.3765625 0.28359375 0.0484375 0.05625
2 0.40546875 0.23046875 0.03828125 0.04765625
2 0.45234375 0.25546875 0.04296875 0.04921875
2 0.5609375 0.27578125 0.03828125 0.04375
2 0.4921875 0.20546875 0.0296875 0.03984375