0 0.2796875 0.38671875 0.0328125 0.08515625
0 0.684375 0.7390625 0.05234375 0.14921875
0 0.67109375 0.5671875 0.04921875 0.13046875
0 0.64765625 0.42578125 0.03671875 0.1
0 0.6390625 0.34609375 0.03046875 0.084375
0 0.55234375 0.18515625 0.015625 0.0484375
0 0.46015625 0.12265625 0.0109375 0.03203125
3 0.4734375 0.16015625 0.04375 0.065625
2 0.18515625 0.7375 0.22578125 0.29609375
2 0.575 0.8515625 0.16015625 0.296875
2 0.8515625 0.8953125 0.21875 0.20859375
2 0.58671875 0.5453125 0.1 0.18046875
2 0.72578125 0.471875 0.10703125 0.14921875
2 0.39921875 0.3125 0.075 0.08125
2 0.5859375 0.31953125 0.06875 0.1
2 0.6859375 0.31640625 0.07890625 0.1046875
2 0.65859375 0.22890625 0.0546875 0.06875
2 0.5796875 0.24375 0.05 0.06171875
2 0.509375 0.2453125 0.05703125 0.07734375
3 0.496875 0.11875 0.03359375 0.04375
2 0.53515625 0.15 0.0375 0.05234375
2 0.64140625 0.16640625 0.040625 0.046875
2 0.58515625 0.1703125 0.03671875 0.04609375
2 0.58671875 0.1375 0.03203125 0.03203125
2 0.58359375 0.1171875 0.0296875 0.03515625
2 0.540625 0.1078125 0.0265625 0.03046875
2 0.51640625 0.09140625 0.02578125 0.028125
0 0.5640625 0.1015625 0.0125 0.03359375
3 0.628125 0.1171875 0.0328125 0.05546875