2 0.225 0.86953125 0.1515625 0.18359375
2 0.39921875 0.77734375 0.09765625 0.140625
2 0.50234375 0.73359375 0.05859375 0.10390625
3 0.37109375 0.6609375 0.08046875 0.12421875
3 0.4484375 0.6625 0.06328125 0.10078125
2 0.51953125 0.63515625 0.0453125 0.06796875
2 0.6 0.64609375 0.04375 0.0484375
2 0.5921875 0.6 0.03671875 0.04453125
2 0.5796875 0.56640625 0.03359375 0.0453125
2 0.52578125 0.59140625 0.03671875 0.04765625
2 0.478125 0.59375 0.0359375 0.04375
2 0.42421875 0.5984375 0.0484375 0.053125
2 0.47265625 0.53046875 0.028125 0.0328125
3 0.49609375 0.55390625 0.03203125 0.04453125
3 0.53671875 0.54453125 0.0265625 0.0578125
2 0.58203125 0.5375 0.02421875 0.028125
2 0.50859375 0.53203125 0.0234375 0.028125
3 0.4921875 0.50390625 0.021875 0.0359375
2 0.51796875 0.51015625 0.01953125 0.02578125
2 0.57109375 0.4984375 0.01796875 0.021875
1 0.634375 0.8359375 0.18671875 0.328125
2 0.3046875 0.946875 0.13984375 0.10625
0 0.428125 0.8953125 0.04140625 0.1265625
0 0.625 0.56875 0.01484375 0.04296875
0 0.55703125 0.6796875 0.015625 0.065625
0 0.52734375 0.67421875 0.01953125 0.05625