3 0.36640625 0.61953125 0.13125 0.32109375
3 0.32578125 0.3828125 0.07734375 0.15078125
3 0.5296875 0.49453125 0.0859375 0.16484375
2 0.5375 0.79453125 0.1390625 0.240625
2 0.31171875 0.89296875 0.1734375 0.2140625
3 0.23828125 0.57734375 0.1359375 0.2125
2 0.7421875 0.8625 0.1921875 0.275
2 0.7296875 0.64609375 0.1328125 0.18828125
2 0.63984375 0.490625 0.08203125 0.1140625
0 0.7359375 0.4734375 0.03515625 0.1
0 0.69140625 0.4171875 0.0296875 0.08828125
2 0.4171875 0.45078125 0.07265625 0.09453125
2 0.5109375 0.409375 0.0640625 0.08671875
2 0.628125 0.421875 0.0734375 0.07578125
2 0.4375 0.3609375 0.05859375 0.07265625
2 0.36796875 0.32890625 0.05078125 0.06484375
2 0.60078125 0.3609375 0.06640625 0.0875
2 0.51796875 0.3203125 0.0515625 0.0640625
2 0.45703125 0.29375 0.04296875 0.05234375
2 0.3984375 0.2640625 0.0421875 0.053125
0 0.615625 0.26875 0.0125 0.04140625
0 0.6015625 0.25703125 0.01171875 0.03828125
0 0.68984375 0.30703125 0.025 0.05390625