3 0.28359375 0.88984375 0.15546875 0.2203125
3 0.52734375 0.60390625 0.0390625 0.0703125
3 0.5890625 0.62265625 0.04296875 0.06796875
2 0.4453125 0.934375 0.11875 0.13046875
2 0.6546875 0.93671875 0.1390625 0.1265625
2 0.38125 0.71171875 0.06953125 0.090625
2 0.47109375 0.6609375 0.053125 0.075
2 0.55390625 0.70625 0.05859375 0.09375
0 0.565625 0.64375 0.01875 0.053125
0 0.5609375 0.6046875 0.01640625 0.04765625
0 0.61015625 0.56796875 0.01171875 0.03125
1 0.68203125 0.69140625 0.153125 0.21953125
2 0.42109375 0.6109375 0.04140625 0.04921875
2 0.475 0.5953125 0.03515625 0.04609375
0 0.5234375 0.53671875 0.0078125 0.02578125
0 0.56015625 0.5234375 0.00859375 0.0234375
0 0.53984375 0.490625 0.0078125 0.01875
2 0.5953125 0.5796875 0.03359375 0.040625