0 0.18203125 0.47265625 0.0625 0.12890625
0 0.62265625 0.31328125 0.03046875 0.090625
0 0.6359375 0.45859375 0.03515625 0.1125
0 0.6984375 0.77421875 0.07109375 0.1953125
2 0.30078125 0.40859375 0.1109375 0.12578125
3 0.38984375 0.65546875 0.1703125 0.31953125
3 0.5640625 0.39921875 0.090625 0.1609375
3 0.4765625 0.18359375 0.0609375 0.09375
2 0.41015625 0.20390625 0.06484375 0.07421875
2 0.55625 0.23203125 0.059375 0.0828125
2 0.63671875 0.18359375 0.05625 0.07109375
2 0.73046875 0.52265625 0.1421875 0.20234375