3 0.3375 0.66875 0.12109375 0.16953125
3 0.58515625 0.446875 0.0265625 0.04765625
3 0.6125 0.40546875 0.021875 0.04140625
3 0.6328125 0.41875 0.01796875 0.0265625
1 0.65546875 0.43203125 0.028125 0.05078125
1 0.646875 0.47421875 0.04140625 0.078125
0 0.625 0.46953125 0.0078125 0.02890625
0 0.5703125 0.54296875 0.01484375 0.0375
0 0.69765625 0.55625 0.01640625 0.05078125
3 0.56796875 0.6 0.059375 0.096875
2 0.4375 0.696875 0.09765625 0.121875
2 0.634375 0.725 0.0796875 0.13984375
2 0.65546875 0.55546875 0.04765625 0.07421875
2 0.44453125 0.58046875 0.06015625 0.06328125
2 0.5328125 0.53828125 0.0484375 0.0625
2 0.50703125 0.50625 0.03828125 0.04765625
2 0.565625 0.49296875 0.03125 0.0359375
3 0.6078125 0.4796875 0.02890625 0.0390625
2 0.575 0.46953125 0.02578125 0.0265625
2 0.6203125 0.446875 0.01953125 0.0234375
0 0.61171875 0.4375 0.009375 0.021875