3 0.378125 0.709375 0.1265625 0.30078125
3 0.41015625 0.44140625 0.06875 0.14765625
3 0.4796875 0.36015625 0.040625 0.0671875
3 0.521875 0.32421875 0.0390625 0.06640625
2 0.81015625 0.88125 0.21796875 0.23671875
2 0.5609375 0.87265625 0.1484375 0.2546875
2 0.14921875 0.8875 0.20625 0.22421875
2 0.2375 0.66015625 0.13046875 0.1859375
2 0.52734375 0.6703125 0.10859375 0.16015625
2 0.68515625 0.690625 0.1515625 0.24296875
2 0.29296875 0.5234375 0.084375 0.11328125
2 0.51015625 0.5453125 0.07265625 0.1015625
2 0.63515625 0.571875 0.09765625 0.1234375
2 0.4984375 0.475 0.0625 0.0828125
2 0.58046875 0.48203125 0.06953125 0.08203125
2 0.46875 0.39453125 0.04609375 0.06015625
0 0.64140625 0.44765625 0.025 0.06796875
0 0.625 0.4125 0.0203125 0.05546875
0 0.590625 0.37421875 0.015625 0.04609375
0 0.61875 0.35625 0.025 0.0453125
0 0.575 0.34140625 0.01328125 0.04375
0 0.5578125 0.4109375 0.05703125 0.08046875
2 0.31640625 0.45546875 0.06640625 0.090625
2 0.334375 0.42265625 0.05234375 0.065625
2 0.4109375 0.58984375 0.07578125 0.121875