2 0.28359375 0.8 0.11328125 0.1359375
2 0.3234375 0.93203125 0.13125 0.1359375
1 0.60546875 0.8140625 0.13984375 0.346875
2 0.4078125 0.76875 0.07890625 0.125
3 0.39296875 0.6484375 0.06015625 0.103125
2 0.50625 0.71796875 0.046875 0.08203125
3 0.45 0.67109375 0.05 0.09375
2 0.51953125 0.64375 0.03828125 0.0578125
2 0.47734375 0.6078125 0.02890625 0.040625
2 0.5859375 0.6171875 0.03203125 0.04375
2 0.525 0.60234375 0.03125 0.04296875
2 0.49609375 0.57421875 0.02578125 0.0375
3 0.53515625 0.5625 0.02421875 0.053125
2 0.5734375 0.58671875 0.0296875 0.03828125
3 0.49453125 0.525 0.01875 0.03046875
3 0.53671875 0.48046875 0.01171875 0.025
1 0.56484375 0.4921875 0.01484375 0.02421875
2 0.4765625 0.546875 0.02421875 0.02734375
2 0.5078125 0.5515625 0.0234375 0.02421875
2 0.4359375 0.6046875 0.04140625 0.046875
2 0.5171875 0.53203125 0.01875 0.025
2 0.5765625 0.56171875 0.02265625 0.02578125
0 0.46484375 0.803125 0.03046875 0.09375
0 0.41875 0.90078125 0.03828125 0.12421875
0 0.528125 0.6734375 0.01640625 0.05234375
0 0.55078125 0.6609375 0.01171875 0.05234375
0 0.603125 0.55703125 0.01015625 0.0296875