3 0.26640625 0.8265625 0.14375 0.2203125
3 0.38515625 0.83515625 0.1125 0.190625
3 0.525 0.6453125 0.046875 0.1
3 0.4703125 0.56640625 0.03203125 0.05078125
3 0.53046875 0.5171875 0.0171875 0.034375
1 0.57890625 0.509375 0.02109375 0.0359375
0 0.64375 0.6578125 0.02265625 0.0578125
2 0.359375 0.71953125 0.0765625 0.08984375
2 0.44140625 0.609375 0.0421875 0.05
3 0.48203125 0.62265625 0.0421875 0.0640625
2 0.49921875 0.5921875 0.03125 0.03671875
2 0.45859375 0.6734375 0.0484375 0.06328125
2 0.50625 0.7609375 0.0625 0.1140625
2 0.63125 0.83125 0.07578125 0.13359375
2 0.59296875 0.59765625 0.03046875 0.0375
2 0.4609375 0.93984375 0.115625 0.1203125