0 0.28671875 0.52265625 0.03515625 0.078125
0 0.40234375 0.3234375 0.015625 0.04375
0 0.59609375 0.321875 0.0171875 0.04609375
0 0.6046875 0.378125 0.01796875 0.05703125
0 0.75078125 0.91796875 0.06640625 0.16328125
3 0.296875 0.65 0.15625 0.20234375
2 0.46171875 0.54296875 0.09296875 0.13984375
2 0.61796875 0.76640625 0.1421875 0.26796875
2 0.88046875 0.87578125 0.23828125 0.24765625
2 0.58046875 0.4890625 0.0703125 0.09453125
2 0.684375 0.46328125 0.08828125 0.10625
2 0.6515625 0.3921875 0.05859375 0.065625
2 0.415625 0.40390625 0.05234375 0.0703125
2 0.503125 0.34921875 0.046875 0.06171875
2 0.5640625 0.35546875 0.04375 0.05390625
2 0.44296875 0.3203125 0.03984375 0.04765625
2 0.55625 0.29765625 0.0328125 0.03828125
2 0.5015625 0.30546875 0.034375 0.03984375
2 0.471875 0.278125 0.03046875 0.03359375
2 0.509375 0.271875 0.0265625 0.0328125
2 0.60390625 0.28046875 0.03359375 0.03671875
2 0.55390625 0.26640625 0.028125 0.03359375
3 0.51640625 0.2390625 0.02734375 0.05