0 0.68515625 0.9015625 0.053125 0.16875
0 0.83515625 0.92578125 0.07578125 0.10703125
0 0.6421875 0.4921875 0.025 0.06171875
2 0.16640625 0.91484375 0.16484375 0.16953125
2 0.35703125 0.94375 0.15625 0.1125
2 0.5734375 0.8921875 0.134375 0.215625
2 0.7265625 0.7359375 0.1140625 0.1703125
2 0.33125 0.54296875 0.06171875 0.07265625
0 0.36875 0.5078125 0.02109375 0.059375
3 0.40078125 0.634375 0.0984375 0.0859375
3 0.384375 0.81015625 0.13828125 0.27578125
2 0.5015625 0.48125 0.04921875 0.05546875
2 0.58671875 0.49140625 0.05078125 0.0578125
2 0.55390625 0.45078125 0.0453125 0.05859375
2 0.41796875 0.57265625 0.06875 0.0765625
2 0.4203125 0.51796875 0.06328125 0.0515625
2 0.4234375 0.46171875 0.0484375 0.05
3 0.3609375 0.44921875 0.05234375 0.08671875